%YAML:1.0
R: !!opencv-matrix
   rows: 3
   cols: 3
   dt: d
   data: [ 1., 3.0188359267893055e-016, 3.7877198764004990e-017,
       -3.0188359267893055e-016, 1., 2.7747671295758072e-017,
       -3.7877198764004990e-017, -2.7747671295758072e-017, 1. ]
T: !!opencv-matrix
   rows: 3
   cols: 1
   dt: d
   data: [ 3.2998590691817546e-014, 5.3240962299905383e-014,
       -1.7488728682173333e-013 ]
R1: !!opencv-matrix
   rows: 3
   cols: 3
   dt: d
   data: [ 9.7547475842597720e-001, -1.7763509137326577e-001,
       1.2997988300730634e-001, 1.7763509137326577e-001,
       2.8660203374350168e-001, -9.4143775607678937e-001,
       1.2997988300730634e-001, 9.4143775607678937e-001,
       3.1112727531752454e-001 ]
R2: !!opencv-matrix
   rows: 3
   cols: 3
   dt: d
   data: [ 9.7547475842597720e-001, -1.7763509137326577e-001,
       1.2997988300730634e-001, 1.7763509137326577e-001,
       2.8660203374350168e-001, -9.4143775607678937e-001,
       1.2997988300730634e-001, 9.4143775607678937e-001,
       3.1112727531752454e-001 ]
P1: !!opencv-matrix
   rows: 3
   cols: 4
   dt: d
   data: [ -2.9041203554113377e+001, 0., -7.0406836700439453e+002, 0.,
       0., -2.9041203554113377e+001, 4.1442324829101562e+003, 0., 0., 0.,
       1., 0. ]
P2: !!opencv-matrix
   rows: 3
   cols: 4
   dt: d
   data: [ -2.9041203554113377e+001, 0., -7.0406836700439453e+002, 0.,
       0., -2.9041203554113377e+001, 4.1442324829101562e+003,
       -5.3948731743899800e-012, 0., 0., 1., 0. ]
Q: !!opencv-matrix
   rows: 4
   cols: 4
   dt: d
   data: [ 1., 0., 0., 7.0406836700439453e+002, 0., 1., 0.,
       -4.1442324829101562e+003, 0., 0., 0., -2.9041203554113377e+001,
       0., 0., -5.3831114495842031e+012, 0. ]
