%YAML:1.0
R: !!opencv-matrix
   rows: 3
   cols: 3
   dt: d
   data: [ 9.9993302353885893e-001, -1.7208099340914713e-003,
       1.1444966125176773e-002, 1.6152760472958330e-003,
       9.9995615479842470e-001, 9.2238475724582512e-003,
       -1.1460336806863231e-002, -9.2047430121456261e-003,
       9.9989196085694854e-001 ]
T: !!opencv-matrix
   rows: 3
   cols: 1
   dt: d
   data: [ -6.5569177376314443e+001, -1.8208524246630298e-001,
       3.3810382727409833e+000 ]
R1: !!opencv-matrix
   rows: 3
   cols: 3
   dt: d
   data: [ 9.9919711064053940e-001, 1.5286634266956603e-003,
       -4.0034950677194488e-002, -1.3436895610805448e-003,
       9.9998830075842549e-001, 4.6468101575409303e-003,
       4.0041585707373720e-002, -4.5892847378066837e-003,
       9.9918747484125026e-001 ]
R2: !!opencv-matrix
   rows: 3
   cols: 3
   dt: d
   data: [ 9.9866935876055274e-001, 2.7732992788661558e-003,
       -5.1495831713801732e-002, -3.0112067825845993e-003,
       9.9998514710883413e-001, -4.5429280685384986e-003,
       5.1482467952681368e-002, 4.6919476588340959e-003,
       9.9866287661085495e-001 ]
P1: !!opencv-matrix
   rows: 3
   cols: 4
   dt: d
   data: [ 1.2280137116430829e+002, 0., 6.0421625995635986e+002, 0., 0.,
       1.2280137116430829e+002, 3.8113594996929169e+002, 0., 0., 0., 1.,
       0. ]
P2: !!opencv-matrix
   rows: 3
   cols: 4
   dt: d
   data: [ 1.2280137116430829e+002, 0., 6.0421625995635986e+002,
       -8.0627134669681509e+003, 0., 1.2280137116430829e+002,
       3.8113594996929169e+002, 0., 0., 0., 1., 0. ]
Q: !!opencv-matrix
   rows: 4
   cols: 4
   dt: d
   data: [ 1., 0., 0., -6.0421625995635986e+002, 0., 1., 0.,
       -3.8113594996929169e+002, 0., 0., 0., 1.2280137116430829e+002, 0.,
       0., 1.5230774560873203e-002, 0. ]
