%YAML:1.0
M1: !!opencv-matrix
   rows: 3
   cols: 3
   dt: d
   data: [ 1.0322216264755816e+003, 0., 5.8050955323421636e+002, 0.,
       1.0355762606600015e+003, 3.7442619388769720e+002, 0., 0., 1. ]
D1: !!opencv-matrix
   rows: 1
   cols: 5
   dt: d
   data: [ 5.8640789674544458e-001, -3.4981891046878655e+000,
       6.8469253632288752e-003, -1.3852878481133939e-002, 0. ]
M2: !!opencv-matrix
   rows: 3
   cols: 3
   dt: d
   data: [ 1.0322216264755816e+003, 0., 5.8050955323421636e+002, 0.,
       1.0355762606600015e+003, 3.7442619388769720e+002, 0., 0., 1. ]
D2: !!opencv-matrix
   rows: 1
   cols: 5
   dt: d
   data: [ 5.8640789674544458e-001, -3.4981891046878655e+000,
       6.8469253632288752e-003, -1.3852878481133939e-002, 0. ]
