%YAML:1.0
R: !!opencv-matrix
   rows: 3
   cols: 3
   dt: d
   data: [ 9.8384295909148212e-001, 2.5789955982805490e-002,
       1.7716633432038126e-001, -4.5482041242430118e-002,
       9.9310935690551039e-001, 1.0800550518906667e-001,
       -1.7316008711749376e-001, -1.1431834234771153e-001,
       9.7823662824100655e-001 ]
T: !!opencv-matrix
   rows: 3
   cols: 1
   dt: d
   data: [ -1.2109001960629999e+002, 4.0895739251251065e+001,
       6.9449757756983573e+001 ]
R1: !!opencv-matrix
   rows: 3
   cols: 3
   dt: d
   data: [ 9.1447675593046063e-001, -2.0316042616179933e-001,
       -3.4994014360266945e-001, 2.2468340957240457e-001,
       9.7419291819829867e-001, 2.1575995810206493e-002,
       3.3652582118734953e-001, -9.8356491265391505e-002,
       9.3652355672462451e-001 ]
R2: !!opencv-matrix
   rows: 3
   cols: 3
   dt: d
   data: [ 8.3246440665321031e-001, -2.8114825169840740e-001,
       -4.7745017773841869e-001, 2.5000012309857911e-001,
       9.5959136872059159e-001, -1.2916788891840328e-001,
       4.9447239569688212e-001, -1.1834933200936794e-002,
       8.6911275692508128e-001 ]
P1: !!opencv-matrix
   rows: 3
   cols: 4
   dt: d
   data: [ 2.7712989775482720e+002, 0., 7.5748839855194092e+002, 0., 0.,
       2.7712989775482720e+002, 3.7071618780493736e+002, 0., 0., 0., 1.,
       0. ]
P2: !!opencv-matrix
   rows: 3
   cols: 4
   dt: d
   data: [ 2.7712989775482720e+002, 0., 7.5748839855194092e+002,
       -4.0311230707793446e+004, 0., 2.7712989775482720e+002,
       3.7071618780493736e+002, 0., 0., 0., 1., 0. ]
Q: !!opencv-matrix
   rows: 4
   cols: 4
   dt: d
   data: [ 1., 0., 0., -7.5748839855194092e+002, 0., 1., 0.,
       -3.7071618780493736e+002, 0., 0., 0., 2.7712989775482720e+002, 0.,
       0., 6.8747565601178524e-003, 0. ]
