%YAML:1.0
M1: !!opencv-matrix
   rows: 3
   cols: 3
   dt: d
   data: [ 4.0335987164311376e+002, 0., 5.8991100927572552e+002, 0.,
       4.0962352967170375e+002, 4.4608234654628563e+002, 0., 0., 1. ]
D1: !!opencv-matrix
   rows: 1
   cols: 5
   dt: d
   data: [ 5.0267155008826936e-001, -2.6430073921014707e+000,
       4.1623375428220567e-002, -2.7615531621939894e-002, 0. ]
M2: !!opencv-matrix
   rows: 3
   cols: 3
   dt: d
   data: [ 5.9017831411426789e+002, 0., 6.3429579469200564e+002, 0.,
       5.2129385964745904e+002, 3.5277624541194530e+002, 0., 0., 1. ]
D2: !!opencv-matrix
   rows: 1
   cols: 5
   dt: d
   data: [ -2.8132699746092282e-001, 1.0898066821273633e+000,
       -6.0718782558416194e-002, 1.6559706924092244e-002, 0. ]
