%YAML:1.0
M1: !!opencv-matrix
   rows: 3
   cols: 3
   dt: d
   data: [ 1.0321307826590432e+003, 0., 5.8044375518267839e+002, 0.,
       1.0354070977864928e+003, 3.7509847547409697e+002, 0., 0., 1. ]
D1: !!opencv-matrix
   rows: 1
   cols: 5
   dt: d
   data: [ 5.8971168991497336e-001, -3.5492259599055944e+000,
       7.2352561223034241e-003, -1.3740456460538909e-002, 0. ]
M2: !!opencv-matrix
   rows: 3
   cols: 3
   dt: d
   data: [ 1.0322015805589197e+003, 0., 6.2671214671253369e+002, 0.,
       1.0393581401343695e+003, 3.5819116305105706e+002, 0., 0., 1. ]
D2: !!opencv-matrix
   rows: 1
   cols: 5
   dt: d
   data: [ 4.3636525709627538e-001, -1.6347098725766038e+000,
       8.8296186471406544e-003, -1.2266313432327085e-002, 0. ]
