%YAML:1.0
M1: !!opencv-matrix
   rows: 3
   cols: 3
   dt: d
   data: [ 1.0935574439614340e+003, 0., 6.9225869725062353e+002, 0.,
       1.0857859790297848e+003, 3.3781812442372927e+002, 0., 0., 1. ]
D1: !!opencv-matrix
   rows: 1
   cols: 5
   dt: d
   data: [ 3.5612077375278411e-001, -1.2070401615156745e+000,
       1.5433222474855540e-002, 1.5717453155973369e-002, 0. ]
M2: !!opencv-matrix
   rows: 3
   cols: 3
   dt: d
   data: [ 1.0844221811299924e+003, 0., 6.7560385572156758e+002, 0.,
       1.0751229835905617e+003, 3.8164731084759734e+002, 0., 0., 1. ]
D2: !!opencv-matrix
   rows: 1
   cols: 5
   dt: d
   data: [ 3.5249441974734053e-001, -8.2654281044517608e-001,
       8.2420909964174699e-003, 1.0871466977399311e-002, 0. ]
