%YAML:1.0
R: !!opencv-matrix
   rows: 3
   cols: 3
   dt: d
   data: [ 1.0000, 6.9066e-04,
       -0.0065, -8.0938e-04,
       0.9998, -0.0182,
       0.0065, 0.0182,
       0.9998 ]
T: !!opencv-matrix
   rows: 3
   cols: 1
   dt: d
   data: [ 64.5745, -0.9009,
       -2.3923 ]
R1: !!opencv-matrix
   rows: 3
   cols: 3
   dt: d
   data: [ 9.9548963552218039e-001, -1.7527979202095551e-002,
       9.3237093010278216e-002, 1.7150926676631793e-002,
       9.9984117884778312e-001, 4.8438408735569007e-003,
       -9.3307187729826935e-002, -3.2228908399830171e-003,
       9.9563215179733144e-001 ]
R2: !!opencv-matrix
   rows: 3
   cols: 3
   dt: d
   data: [ 9.9550739681818612e-001, -1.5725107408983190e-002,
       9.3368859247900962e-002, 1.6102419212058929e-002,
       9.9986493803573484e-001, -3.2890397254219956e-003,
       -9.3304528163415057e-002, 4.7777278880478807e-003,
       9.9562615390538545e-001 ]
P1: !!opencv-matrix
   rows: 3
   cols: 4
   dt: d
   data: [ 4.9939802049190223e+002, 0., 6.1502302551269531e+002, 0., 0.,
       4.9939802049190223e+002, 3.6390021514892578e+002, 0., 0., 0., 1.,
       0. ]
P2: !!opencv-matrix
   rows: 3
   cols: 4
   dt: d
   data: [ 4.9939802049190223e+002, 0., 6.1502302551269531e+002,
       -1.5607961941269905e+004, 0., 4.9939802049190223e+002,
       3.6390021514892578e+002, 0., 0., 0., 1., 0. ]
Q: !!opencv-matrix
   rows: 4
   cols: 4
   dt: d
   data: [ 1., 0., 0., -6.1502302551269531e+002, 0., 1., 0.,
       -3.6390021514892578e+002, 0., 0., 0., 4.9939802049190223e+002, 0.,
       0., 3.1996363290162533e-002, 0. ]
