%YAML:1.0
M1: !!camera1
   rows: 3
   cols: 3
   dt: d
   data: [ 1.0869e+03, 0., 665.6771, 0.,
       1.0788e+003, 3.119572+002, 0., 0., 1. ]
D1: !!opencv-matrix
   rows: 1
   cols: 5
   dt: d
   data: [ 0, 0,
       0, 0, 0. ]
M2: !!opencv-matrix
   rows: 3
   cols: 3
   dt: d
   data: [ 1.0098e+03, 0., 599.6698, 0.,
       1.0128e+03, 377.2937, 0., 0., 1. ]
D2: !!opencv-matrix
   rows: 1
   cols: 5
   dt: d
   data: [ 0,0,
       0, 0, 0. ]
