%YAML:1.0
R: !!opencv-matrix
   rows: 3
   cols: 3
   dt: d
   data: [ 9.9992468942418722e-001, -1.6724436819730683e-003,
       1.2158059552140733e-002, 1.5552704921736990e-003,
       9.9995231917445004e-001, 9.6405659239952972e-003,
       -1.2173603149394427e-002, -9.6209308161608713e-003,
       9.9987961329181618e-001 ]
T: !!opencv-matrix
   rows: 3
   cols: 1
   dt: d
   data: [ -6.5498440293124872e+001, -2.2614198775082009e-001,
       2.7529467174208970e+000 ]
R1: !!opencv-matrix
   rows: 3
   cols: 3
   dt: d
   data: [ 9.9955326552487278e-001, 2.1824581148759243e-003,
       -2.9807822046235354e-002, -2.0387239753112294e-003,
       9.9998615284851444e-001, 4.8515683835372008e-003,
       2.9817997637596547e-002, -4.7886310992243664e-003,
       9.9954387398907096e-001 ]
R2: !!opencv-matrix
   rows: 3
   cols: 3
   dt: d
   data: [ 9.9911193327904746e-001, 3.4495654792103198e-003,
       -4.1993395640372667e-002, -3.6520053038982116e-003,
       9.9998207378080384e-001, -4.7449946578763781e-003,
       4.1976274687786780e-002, 4.8941408896369587e-003,
       9.9910662081095614e-001 ]
P1: !!opencv-matrix
   rows: 3
   cols: 4
   dt: d
   data: [ 1.6954440611906197e+001, 0., 5.9916863536834717e+002, 0., 0.,
       1.6954440611906197e+001, 3.7927263009548187e+002, 0., 0., 0., 1.,
       0. ]
P2: !!opencv-matrix
   rows: 3
   cols: 4
   dt: d
   data: [ 1.6954440611906197e+001, 0., 5.9916863536834717e+002,
       -1.1114764813965194e+003, 0., 1.6954440611906197e+001,
       3.7927263009548187e+002, 0., 0., 0., 1., 0. ]
Q: !!opencv-matrix
   rows: 4
   cols: 4
   dt: d
   data: [ 1., 0., 0., -5.9916863536834717e+002, 0., 1., 0.,
       -3.7927263009548187e+002, 0., 0., 0., 1.6954440611906197e+001, 0.,
       0., 1.5253980534616188e-002, 0. ]
